############################################################################ data/instance_toy.txt
n_jobs = 3
n_machines = 3

_nvars = 21
_ncons = 13

CPLEX 20.1.0.0: optimal integer solution; objective 11
9 MIP simplex iterations
0 branch-and-bound nodes
start_time :=
1 2    3
1 3    5
2 1    5
2 2   10
3 1    3
3 2    7
3 3    9
;

_total_solve_elapsed_time = 0.036651

############################################################################ data/instance_abz5.txt
n_jobs = 10
n_machines = 10

_nvars = 1001
_ncons = 190

CPLEX 20.1.0.0: optimal integer solution; objective 1234
19633643 MIP simplex iterations
9833344 branch-and-bound nodes
start_time [*,*]
:     1     2     3     4     5     6     7     8     9      10     :=
1    267   363   461   555   654   774   863   940   1056   1142
2      0    72   171   355   430   719   903   995   1077   1171
3      0    83   144   230   397   469   772   850    949   1065
4      0    94   457   527   626   686   761   827    940   1167
5      0    98   186   268   363   524   591   686    850   1148
6      0   186   267   331   524   604   703   798    860   1146
7     94   144   430   527   624   785   883   949   1048   1100
8      0    98   171   253   304   375   477   562    624    719
9      0   240   311   392   518   684   774   850    908   1003
10   253   303   375   457   562   618   761   935   1079   1138
;

_total_solve_elapsed_time = 1928.06

############################################################################ data/instance_abz7.txt
n_jobs = 20
n_machines = 15

_nvars = 4576
_ncons = 580

CPLEX 20.1.0.0: 
<BREAK> (cplex)
CPLEX solution status 13 with fixed integers:
	aborted in phase II
aborted, integer solution exists; objective 749
4403905 MIP simplex iterations
4149983 branch-and-bound nodes
absmipgap = 296, relmipgap = 0.395194
No basis.
start_time [*,*]
:     1     2     3     4     5     6     7     8     9    10    11    12    :=
1      0    25    51    68    95   141   234   263   317   349   407   485
2     35    67   254   274   293   317   360   444   482   538   575   589
3      0   129   332   376   424   445   457   506   530   556   570   601
4     31    65   165   184   198   231   285   328   349   423   532   654
5      0    27    57   222   408   424   442   481   504   529   581   622
6     28    52    82   103   150   187   222   281   323   359   425   440
7      0    37   166   261   330   345   385   468   501   522   563   584
8     18    45    94   123   143   164   328   396   476   515   570   606
9     47    79   108   224   442   482   504   530   557   589   605   626
10    22   154   183   265   289   333   373   397   466   538   569   584
11    48   108   167   207   238   280   293   325   346   373   408   492
12     0    23    80   108   143   174   195   215   265   344   388   406
13   128   262   294   372   406   439   492   533   553   572   584   606
14     0    28   125   231   261   295   364   406   423   443   471   494
15    68   165   251   342   380   391   480   508   522   556   589   612
16     0    13    53    95   116   145   195   220   258   281   330   359
17     0    45    60    88   199   262   293   333   425   461   473   513
18     0    22    36    48    68    85   108   195   234   281   312   344
19     0    18    48   103   143   159   179   207   238   252   274   325
20     0    52   101   136   150   193   252   281   317   333   382   396

:    13    14    15     :=
1    515   599   618
2    626   646   703
3    630   681   727
4    683   696   731
5    646   674   731
6    554   593   646
7    642   671   716
8    630   667   709
9    639   689   717
10   626   672   698
11   508   542   586
12   434   476   493
13   666   698   730
14   592   613   722
15   654   666   689
16   378   391   444
17   547   652   688
18   368   440   467
19   342   372   410
20   425   683   705
;

_total_solve_elapsed_time = 4941.45


############################################################################ data/instance_la05.txt
n_jobs = 10
n_machines = 5

_nvars = 276
_ncons = 90

CPLEX 20.1.0.0: optimal integer solution; objective 451
44193 MIP simplex iterations
28484 branch-and-bound nodes
start_time [*,*]
:     1     2     3     4     5     :=
1      0    72   159   254   391
2     12   181   251   320   397
3     72   161   209   299   396
4      0    59    78   124   172
5     17    99   287   337   423
6      0   159   254   259   368
7    159   216   287   324   439
8      0    12    99   158   213
9      0    78   161   201   254
10     0    78   159   254   361
;

_total_solve_elapsed_time = 2.23469

############################################################################ data/instance_la06.txt

n_jobs = 15
n_machines = 5

_nvars = 426
_ncons = 135

CPLEX 20.1.0.0: optimal integer solution; objective 544
14811 MIP simplex iterations
8939 branch-and-bound nodes
start_time [*,*]
:     1     2     3     4     5     :=
1      0   178   268   363   439
2    114   173   334   405   477
3     63   189   201   327   446
4      0   101   189   284   339
5     43    80   114   178   201
6      0    43    97   189   363
7      0   166   243   369   457
8      0    60   212   363   520
9    212   310   363   416   495
10     0    96   173   252   501
11     0    28    63   166   537
12     0    80   212   500   509
13    80   166   243   439   498
14     0    43   416   467   494
15     0   243   288   363   372
;

_total_solve_elapsed_time = 1.76179


############################################################################ data/instance_la15.txt
n_jobs = 20
n_machines = 5

_nvars = 576
_ncons = 180

CPLEX 20.1.0.0: optimal integer solution; objective 544
195643 MIP simplex iterations
115378 branch-and-bound nodes
start_time [*,*]
:     1     2     3     4     5     :=
1    273   284   374   463   525
2     57   156   218   301   508
3    105   153   324   394   467
4      0    59   154   238   306
5    189   279   321   368   392
6      0   124   153   263   460
7      0   188   226   394   459
8      0    97   153   230   271
9      0    56   188   456   527
10     0    40   218   277   284
11     0    45    97   218   295
12    21    57   263   365   382
13     0    97   170   268   438
14     0    70   156   183   429
15     0    95   218   274   503
16     0    97   218   415   505
17     0     7    29    41   263
18     0    45   394   468   517
19     0    21   105   263   499
20     0    97   218   368   500
;

_total_solve_elapsed_time = 22.2983