############################################################################ data/random_gen_insatnce_n_20_c_10.bpp

bin_capacity = 10

item_sizes [*] :=
 2   4
 3   5
 4   9
 5   3
 6  10
 7   6
 8   2
 9   4
10   3
11  10
12   2
13   6
14   2
16   9
17   9
18   7
19   5
;

_nvars = 420
_ncons = 60

CPLEX 20.1.0.0: optimal integer solution; objective 10
269 MIP simplex iterations
0 branch-and-bound nodes
sum{i in 1 .. num_items} bin_assignment[i,j] [*] :=
 1  5
 2  1
 4  1
 6  1
 7  3
 8  1
 9  1
10  2
11  2
12  3
;

option omit_zero_rows 1;
bin_assignment :=
1  1    1
2  1    1
3  1    1
4  2    1
5  12   1
6  4    1
7  11   1
8  12   1
9  11   1
10 10   1
11 6    1
12 7    1
13 7    1
14 7    1
15 1    1
16 8    1
17 9    1
18 10   1
19 12   1
20 1    1
;

_total_solve_elapsed_time = 0.070475


############################################################################ data/random_gen_insatnce_n_20_c_100.bpp

bin_capacity = 100

item_sizes [*] :=
 1  39
 2  18
 3  91
 4  13
 5  51
 6  76
 7  54
 8  55
 9  80
10  34
11  79
12  29
13  52
14  80
15  25
16   4
17  40
18  87
19  80
20  25
;

_nvars = 420
_ncons = 60

CPLEX 20.1.0.0: optimal integer solution; objective 12
690 MIP simplex iterations
0 branch-and-bound nodes
sum{i in 1 .. num_items} bin_assignment[i,j] [*] :=
 1  4
 2  2
 3  2
 4  1
 5  2
 6  2
 7  1
 8  1
 9  2
10  1
11  1
12  1
;

option omit_zero_rows 1;
bin_assignment :=
1  1    1
2  1    1
3  2    1
4  1    1
5  3    1
6  4    1
7  5    1
8  6    1
9  7    1
10 3    1
11 8    1
12 1    1
13 9    1
14 10   1
15 5    1
16 2    1
17 6    1
18 11   1
19 12   1
20 9    1
;

_total_solve_elapsed_time = 0.230848


############################################################################ data/random_gen_insatnce_n_50_c_10.bpp

bin_capacity = 10

item_sizes [*] :=
 1  5    6 10   13  1   18  9   23  2   28  5   33  2   38  4   43  8   48  3
 2  7    7  9   14  2   19  6   24  2   29  2   34  6   39  1   44  7   49  8
 3  6    8  8   15  1   20  6   25  7   30  1   35  3   40  4   45 10   50  1
 4  4    9 10   16  3   21  7   26  9   31  5   36  5   41  8   46  8
 5  7   11 10   17  1   22  4   27  4   32  2   37 10   42  9   47  5
;

_nvars = 2550
_ncons = 150

CPLEX 20.1.0.0: optimal integer solution; objective 26
1258 MIP simplex iterations
0 branch-and-bound nodes
sum{i in 1 .. num_items} bin_assignment[i,j] [*] :=
 1 3    4 2    8 3   11 2   15 3   22 2   27 2   39 2   44 2
 2 2    5 1    9 2   12 2   17 1   23 1   28 2   42 2   45 2
 3 2    6 2   10 2   13 1   21 2   26 2   38 1   43 2
;

option omit_zero_rows 1;
bin_assignment [*,*]
:    1   2   3   4   5   6   8   9  10  11  12  13  15  17  21  22  23  26  27 :=
2    0   0   0   0   0   0   0   0   0   0   1   0   0   0   0   0   0   0   0
3    0   0   0   0   0   1   0   0   0   0   0   0   0   0   0   0   0   0   0
4    0   0   0   0   0   1   0   0   0   0   0   0   0   0   0   0   0   0   0
5    0   0   1   0   0   0   0   0   0   0   0   0   0   0   0   0   0   0   0
6    0   0   0   0   1   0   0   0   0   0   0   0   0   0   0   0   0   0   0
9    0   0   0   0   0   0   0   0   0   0   0   0   0   1   0   0   0   0   0
10   1   0   0   0   0   0   0   0   0   0   0   0   0   0   0   0   0   0   0
11   0   0   0   0   0   0   0   0   0   0   0   0   0   0   0   1   0   0   0
12   0   0   0   0   0   0   0   0   0   0   0   0   0   0   0   1   0   0   0
13   0   0   0   0   0   0   0   0   0   0   0   0   1   0   0   0   0   0   0
14   0   0   0   0   0   0   0   0   1   0   0   0   0   0   0   0   0   0   0
15   0   0   0   0   0   0   1   0   0   0   0   0   0   0   0   0   0   0   0
16   0   0   1   0   0   0   0   0   0   0   0   0   0   0   0   0   0   0   0
17   0   0   0   0   0   0   0   0   0   0   0   0   0   0   0   0   0   1   0
18   0   0   0   0   0   0   0   0   0   0   0   0   0   0   0   0   0   1   0
19   0   0   0   0   0   0   0   0   0   0   0   0   0   0   1   0   0   0   0
22   0   0   0   0   0   0   0   0   0   0   0   0   0   0   1   0   0   0   0
23   0   0   0   0   0   0   0   0   0   0   0   0   1   0   0   0   0   0   0
24   0   1   0   0   0   0   0   0   0   0   0   0   0   0   0   0   0   0   0
25   0   0   0   0   0   0   0   0   0   0   0   0   1   0   0   0   0   0   0
26   0   0   0   0   0   0   0   0   0   0   0   0   0   0   0   0   0   0   1
30   0   0   0   0   0   0   0   0   0   0   0   0   0   0   0   0   0   0   1
31   0   0   0   0   0   0   0   1   0   0   0   0   0   0   0   0   0   0   0
32   0   0   0   1   0   0   0   0   0   0   0   0   0   0   0   0   0   0   0
33   0   0   0   0   0   0   1   0   0   0   0   0   0   0   0   0   0   0   0
34   1   0   0   0   0   0   0   0   0   0   0   0   0   0   0   0   0   0   0
38   1   0   0   0   0   0   0   0   0   0   0   0   0   0   0   0   0   0   0
39   0   0   0   0   0   0   0   0   0   1   0   0   0   0   0   0   0   0   0
40   0   0   0   0   0   0   0   1   0   0   0   0   0   0   0   0   0   0   0
41   0   0   0   0   0   0   0   0   0   0   0   0   0   0   0   0   1   0   0
42   0   0   0   0   0   0   0   0   0   1   0   0   0   0   0   0   0   0   0
43   0   1   0   0   0   0   0   0   0   0   0   0   0   0   0   0   0   0   0
44   0   0   0   0   0   0   1   0   0   0   0   0   0   0   0   0   0   0   0
45   0   0   0   0   0   0   0   0   0   0   0   1   0   0   0   0   0   0   0
46   0   0   0   0   0   0   0   0   1   0   0   0   0   0   0   0   0   0   0
48   0   0   0   0   0   0   0   0   0   0   1   0   0   0   0   0   0   0   0
49   0   0   0   1   0   0   0   0   0   0   0   0   0   0   0   0   0   0   0

:   28  38  39  42  43  44  45    :=
1    0   0   0   0   0   0   1
7    0   0   0   0   0   1   0
8    0   0   0   1   0   0   0
20   0   0   0   0   1   0   0
21   0   0   1   0   0   0   0
27   0   0   0   0   1   0   0
28   0   0   0   0   0   0   1
29   0   0   0   1   0   0   0
35   0   0   1   0   0   0   0
36   1   0   0   0   0   0   0
37   0   1   0   0   0   0   0
47   1   0   0   0   0   0   0
50   0   0   0   0   0   1   0
;

_total_solve_elapsed_time = 0.943713


############################################################################ data/random_gen_insatnce_n_50_c_100.bpp


bin_capacity = 100

item_sizes [*] :=
 1 88    6 18   11  9   16 31   21 79   26 63   31 70   36 75   41 15   46 16
 2 90    7  8   12 35   17 73   22 67   27 36   32 44   37 18   42 80   47 17
 3 24    8 46   13 44   18 45   23 55   28 28   33 89   38 81   43 19   48 43
 4 53    9 12   14 69   19 86   24 71   29 12   34 65   39 61   44 23   49 38
 5 23   10 46   15 64   20  7   25 52   30 57   35 63   40 74   45 17   50 39
;

_nvars = 2550
_ncons = 150

CPLEX 20.1.0.0: optimal integer solution; objective 25
2862665 MIP simplex iterations
53206 branch-and-bound nodes
sum{i in 1 .. num_items} bin_assignment[i,j] [*] :=
 2 2    7 2   12 2   15 2   19 2   29 3   32 2   42 2   50 3
 4 2    8 2   13 2   16 1   21 2   30 1   36 1   48 2
 6 2   11 2   14 3   18 1   24 2   31 3   40 2   49 2
;

option omit_zero_rows 1;
bin_assignment [*,*]
:    2   4   6   7   8  11  12  13  14  15  16  18  19  21  24  29  30  31  32 :=
2    0   0   0   0   0   0   0   0   0   0   0   1   0   0   0   0   0   0   0
4    0   0   0   0   0   0   0   0   0   0   0   0   0   1   0   0   0   0   0
6    0   0   0   0   0   0   0   0   0   0   0   0   0   0   0   0   0   0   1
7    0   0   0   0   0   0   0   0   0   0   0   0   0   0   0   0   0   1   0
8    0   0   0   0   0   0   0   0   0   0   0   0   0   0   0   1   0   0   0
9    0   0   0   0   0   0   0   0   1   0   0   0   0   0   0   0   0   0   0
12   0   0   0   0   0   0   0   1   0   0   0   0   0   0   0   0   0   0   0
14   0   1   0   0   0   0   0   0   0   0   0   0   0   0   0   0   0   0   0
15   0   0   0   0   0   0   0   0   0   1   0   0   0   0   0   0   0   0   0
17   1   0   0   0   0   0   0   0   0   0   0   0   0   0   0   0   0   0   0
18   0   0   0   0   0   0   0   0   0   0   0   0   0   1   0   0   0   0   0
19   0   0   0   0   0   0   0   0   0   0   0   0   0   0   0   0   1   0   0
20   0   0   0   0   0   0   0   0   0   0   0   0   0   0   0   1   0   0   0
21   0   0   0   0   0   0   0   0   0   0   0   0   1   0   0   0   0   0   0
22   0   0   0   0   0   0   0   0   1   0   0   0   0   0   0   0   0   0   0
23   0   0   1   0   0   0   0   0   0   0   0   0   0   0   0   0   0   0   0
24   0   0   0   0   1   0   0   0   0   0   0   0   0   0   0   0   0   0   0
25   0   0   0   0   0   0   0   0   0   0   0   0   0   0   1   0   0   0   0
27   0   0   0   0   0   0   0   0   0   1   0   0   0   0   0   0   0   0   0
28   0   0   0   0   1   0   0   0   0   0   0   0   0   0   0   0   0   0   0
29   0   0   0   0   0   1   0   0   0   0   0   0   0   0   0   0   0   0   0
30   0   0   0   0   0   0   0   0   0   0   0   0   0   0   0   0   0   1   0
32   0   0   0   0   0   0   0   0   0   0   0   0   0   0   0   1   0   0   0
33   0   0   0   0   0   0   0   0   0   0   1   0   0   0   0   0   0   0   0
35   0   0   0   0   0   0   0   1   0   0   0   0   0   0   0   0   0   0   0
36   0   0   0   0   0   0   0   0   0   0   0   0   0   0   0   0   0   0   1
37   0   0   0   0   0   0   0   0   1   0   0   0   0   0   0   0   0   0   0
38   0   0   0   0   0   1   0   0   0   0   0   0   0   0   0   0   0   0   0
39   0   0   0   1   0   0   0   0   0   0   0   0   0   0   0   0   0   0   0
40   0   0   0   0   0   0   1   0   0   0   0   0   0   0   0   0   0   0   0
41   0   1   0   0   0   0   0   0   0   0   0   0   0   0   0   0   0   0   0
43   1   0   0   0   0   0   0   0   0   0   0   0   0   0   0   0   0   0   0
44   0   0   0   0   0   0   1   0   0   0   0   0   0   0   0   0   0   0   0
45   0   0   0   0   0   0   0   0   0   0   0   0   0   0   0   0   0   1   0
47   0   0   0   0   0   0   0   0   0   0   0   0   1   0   0   0   0   0   0
48   0   0   1   0   0   0   0   0   0   0   0   0   0   0   0   0   0   0   0
49   0   0   0   1   0   0   0   0   0   0   0   0   0   0   0   0   0   0   0
50   0   0   0   0   0   0   0   0   0   0   0   0   0   0   1   0   0   0   0

:   36  40  42  48  49  50    :=
1    1   0   0   0   0   0
3    0   0   0   0   0   1
5    0   0   0   0   1   0
10   0   0   1   0   0   0
11   0   0   0   0   0   1
13   0   0   1   0   0   0
16   0   1   0   0   0   0
26   0   1   0   0   0   0
31   0   0   0   0   1   0
34   0   0   0   0   0   1
42   0   0   0   1   0   0
46   0   0   0   1   0   0
;

_total_solve_elapsed_time = 84.0246

############################################################################ data/N2C3W1_A.BPP
num_items = 100
bin_capacity = 150

item_sizes [*] :=
  1 99    13 90    25 79    37 69    49 54    61 43    73 31    85 13    97  2
  2 99    14 90    26 78    38 68    50 53    62 43    74 31    86 12    98  2
  3 97    15 89    27 77    39 67    51 53    63 42    75 30    87 11    99  1
  4 97    16 88    28 77    40 67    52 52    64 42    76 29    88  9   100  1
  5 96    17 88    29 76    41 66    53 52    65 39    77 24    89  7
  6 96    18 87    30 76    42 62    54 49    66 38    78 24    90  7
  7 96    19 83    31 75    43 59    55 49    67 37    79 21    91  7
  8 94    20 82    32 74    44 58    56 48    68 35    80 21    92  6
  9 93    21 81    33 74    45 57    57 47    69 35    81 21    93  5
 10 93    22 81    34 74    46 56    58 46    70 34    82 20    94  5
 11 92    23 81    35 71    47 55    59 45    71 32    83 18    95  4
 12 90    24 80    36 69    48 54    60 44    72 32    84 16    96  4
;

_nvars = 10100
_ncons = 300

CPLEX 20.1.0.0: optimal integer solution; objective 35
3154 MIP simplex iterations
0 branch-and-bound nodes
sum{i in 1 .. num_items} bin_assignment[i,j] [*] :=
  1  3     5  2     9  2    13  3    17  3    21  2    25  2    29  2    33  5
  2  3     6  2    10  2    14  3    18  3    22  2    26  4    30  2    34  5
  3  2     7  4    11  2    15  3    19  2    23  2    27  3    31  2    35 10
  4  2     8  2    12  2    16  2    20  2    24  3    28  3    32  4
;

option omit_zero_rows 1;
bin_assignment [*,*]
:     1   2   3   4   5   6   7   8   9  10  11  12  13  14  15  16  17  18  19 :=
1     1   0   0   0   0   0   0   0   0   0   0   0   0   0   0   0   0   0   0
2     0   1   0   0   0   0   0   0   0   0   0   0   0   0   0   0   0   0   0
3     0   0   1   0   0   0   0   0   0   0   0   0   0   0   0   0   0   0   0
4     0   0   0   1   0   0   0   0   0   0   0   0   0   0   0   0   0   0   0
5     0   0   0   0   1   0   0   0   0   0   0   0   0   0   0   0   0   0   0
6     0   0   0   0   0   1   0   0   0   0   0   0   0   0   0   0   0   0   0
7     0   0   0   0   0   0   1   0   0   0   0   0   0   0   0   0   0   0   0
8     0   0   0   0   0   0   0   1   0   0   0   0   0   0   0   0   0   0   0
9     0   0   0   0   0   0   0   0   1   0   0   0   0   0   0   0   0   0   0
10    0   0   0   0   0   0   0   0   0   1   0   0   0   0   0   0   0   0   0
11    0   0   0   0   0   0   0   0   0   0   1   0   0   0   0   0   0   0   0
12    0   0   0   0   0   0   0   0   0   0   0   1   0   0   0   0   0   0   0
13    0   0   0   0   0   0   0   0   0   0   0   0   1   0   0   0   0   0   0
14    0   0   0   0   0   0   0   0   0   0   0   0   0   1   0   0   0   0   0
15    0   0   0   0   0   0   0   0   0   0   0   0   0   0   1   0   0   0   0
16    0   0   0   0   0   0   0   0   0   0   0   0   0   0   0   1   0   0   0
17    0   0   0   0   0   0   0   0   0   0   0   0   0   0   0   0   1   0   0
18    0   0   0   0   0   0   0   0   0   0   0   0   0   0   0   0   0   1   0
19    0   0   0   0   0   0   0   0   0   0   0   0   0   0   0   0   0   0   1
39    0   0   0   0   0   0   0   0   0   0   0   0   0   0   0   0   0   0   1
42    0   0   0   0   0   0   0   0   0   0   0   0   0   0   0   1   0   0   0
43    0   0   0   0   0   0   0   0   0   0   0   1   0   0   0   0   0   0   0
44    0   0   0   0   0   0   0   0   0   0   1   0   0   0   0   0   0   0   0
45    0   0   0   0   0   0   0   0   1   0   0   0   0   0   0   0   0   0   0
46    0   0   0   0   0   0   0   1   0   0   0   0   0   0   0   0   0   0   0
47    0   0   0   0   0   0   0   0   0   1   0   0   0   0   0   0   0   0   0
48    0   0   0   0   1   0   0   0   0   0   0   0   0   0   0   0   0   0   0
49    0   0   0   0   0   1   0   0   0   0   0   0   0   0   0   0   0   0   0
50    0   0   1   0   0   0   0   0   0   0   0   0   0   0   0   0   0   0   0
51    0   0   0   1   0   0   0   0   0   0   0   0   0   0   0   0   0   0   0
52    0   0   0   0   0   0   1   0   0   0   0   0   0   0   0   0   0   0   0
53    0   0   0   0   0   0   0   0   0   0   0   0   1   0   0   0   0   0   0
54    1   0   0   0   0   0   0   0   0   0   0   0   0   0   0   0   0   0   0
55    0   1   0   0   0   0   0   0   0   0   0   0   0   0   0   0   0   0   0
56    0   0   0   0   0   0   0   0   0   0   0   0   0   1   0   0   0   0   0
57    0   0   0   0   0   0   0   0   0   0   0   0   0   0   1   0   0   0   0
58    0   0   0   0   0   0   0   0   0   0   0   0   0   0   0   0   1   0   0
59    0   0   0   0   0   0   0   0   0   0   0   0   0   0   0   0   0   1   0
83    0   0   0   0   0   0   0   0   0   0   0   0   0   0   0   0   0   1   0
84    0   0   0   0   0   0   0   0   0   0   0   0   0   0   0   0   1   0   0
85    0   0   0   0   0   0   0   0   0   0   0   0   0   0   1   0   0   0   0
86    0   0   0   0   0   0   0   0   0   0   0   0   0   1   0   0   0   0   0
89    0   0   0   0   0   0   0   0   0   0   0   0   1   0   0   0   0   0   0
97    1   0   0   0   0   0   0   0   0   0   0   0   0   0   0   0   0   0   0
98    0   1   0   0   0   0   0   0   0   0   0   0   0   0   0   0   0   0   0
99    0   0   0   0   0   0   1   0   0   0   0   0   0   0   0   0   0   0   0
100   0   0   0   0   0   0   1   0   0   0   0   0   0   0   0   0   0   0   0

:    20  21  22  23  24  25  26  27  28  29  30  31  32  33  34  35    :=
20    1   0   0   0   0   0   0   0   0   0   0   0   0   0   0   0
21    0   1   0   0   0   0   0   0   0   0   0   0   0   0   0   0
22    0   0   1   0   0   0   0   0   0   0   0   0   0   0   0   0
23    0   0   0   1   0   0   0   0   0   0   0   0   0   0   0   0
24    0   0   0   0   1   0   0   0   0   0   0   0   0   0   0   0
25    0   0   0   0   0   1   0   0   0   0   0   0   0   0   0   0
26    0   0   0   0   0   0   1   0   0   0   0   0   0   0   0   0
27    0   0   0   0   0   0   0   1   0   0   0   0   0   0   0   0
28    0   0   0   0   0   0   0   0   1   0   0   0   0   0   0   0
29    0   0   0   0   0   0   0   0   0   1   0   0   0   0   0   0
30    0   0   0   0   0   0   0   0   0   0   1   0   0   0   0   0
31    0   0   0   0   0   0   0   0   0   0   0   1   0   0   0   0
32    0   0   0   0   0   0   0   0   0   1   0   0   0   0   0   0
33    0   0   0   0   0   0   0   0   0   0   1   0   0   0   0   0
34    0   0   0   0   0   0   0   0   0   0   0   1   0   0   0   0
35    0   0   0   0   0   1   0   0   0   0   0   0   0   0   0   0
36    0   1   0   0   0   0   0   0   0   0   0   0   0   0   0   0
37    0   0   1   0   0   0   0   0   0   0   0   0   0   0   0   0
38    1   0   0   0   0   0   0   0   0   0   0   0   0   0   0   0
40    0   0   0   1   0   0   0   0   0   0   0   0   0   0   0   0
41    0   0   0   0   1   0   0   0   0   0   0   0   0   0   0   0
60    0   0   0   0   0   0   1   0   0   0   0   0   0   0   0   0
61    0   0   0   0   0   0   0   1   0   0   0   0   0   0   0   0
62    0   0   0   0   0   0   0   0   1   0   0   0   0   0   0   0
63    0   0   0   0   0   0   0   0   0   0   0   0   1   0   0   0
64    0   0   0   0   0   0   0   0   0   0   0   0   1   0   0   0
65    0   0   0   0   0   0   0   0   0   0   0   0   1   0   0   0
66    0   0   0   0   0   0   0   0   0   0   0   0   0   1   0   0
67    0   0   0   0   0   0   0   0   0   0   0   0   0   1   0   0
68    0   0   0   0   0   0   0   0   0   0   0   0   0   1   0   0
69    0   0   0   0   0   0   0   0   0   0   0   0   0   1   0   0
70    0   0   0   0   0   0   0   0   0   0   0   0   0   0   1   0
71    0   0   0   0   0   0   0   0   0   0   0   0   0   0   1   0
72    0   0   0   0   0   0   0   0   0   0   0   0   0   0   1   0
73    0   0   0   0   0   0   0   0   0   0   0   0   0   0   1   0
74    0   0   0   0   0   0   0   0   0   0   0   0   0   0   0   1
75    0   0   0   0   0   0   0   1   0   0   0   0   0   0   0   0
76    0   0   0   0   0   0   0   0   1   0   0   0   0   0   0   0
77    0   0   0   0   0   0   1   0   0   0   0   0   0   0   0   0
78    0   0   0   0   0   0   0   0   0   0   0   0   1   0   0   0
79    0   0   0   0   0   0   0   0   0   0   0   0   0   0   1   0
80    0   0   0   0   0   0   0   0   0   0   0   0   0   0   0   1
81    0   0   0   0   0   0   0   0   0   0   0   0   0   0   0   1
82    0   0   0   0   0   0   0   0   0   0   0   0   0   0   0   1
87    0   0   0   0   0   0   0   0   0   0   0   0   0   0   0   1
88    0   0   0   0   0   0   0   0   0   0   0   0   0   0   0   1
90    0   0   0   0   0   0   0   0   0   0   0   0   0   0   0   1
91    0   0   0   0   0   0   0   0   0   0   0   0   0   0   0   1
92    0   0   0   0   0   0   0   0   0   0   0   0   0   0   0   1
93    0   0   0   0   0   0   0   0   0   0   0   0   0   1   0   0
94    0   0   0   0   0   0   0   0   0   0   0   0   0   0   0   1
95    0   0   0   0   1   0   0   0   0   0   0   0   0   0   0   0
96    0   0   0   0   0   0   1   0   0   0   0   0   0   0   0   0
;

_total_solve_elapsed_time = 1.63305

############################################################################ data/data/Waescher_TEST0005.txt
num_items = 114
bin_capacity = 10000

item_sizes [*] :=
  1 4964    18 4127    35 3336    52 2716    69 1939    86 1212   103  462
  2 4964    19 3992    36 3309    53 2716    70 1939    87 1212   104  278
  3 4964    20 3992    37 3118    54 2716    71 1848    88 1212   105  278
  4 4950    21 3968    38 3118    55 2652    72 1848    89 1060   106  278
  5 4826    22 3858    39 3118    56 2631    73 1848    90 1060   107  246
  6 4816    23 3698    40 3078    57 2631    74 1848    91 1060   108   80
  7 4808    24 3698    41 3078    58 2631    75 1832    92 1060   109   80
  8 4682    25 3672    42 3078    59 2553    76 1672    93  943   110   80
  9 4663    26 3672    43 3078    60 2553    77 1672    94  943   111   74
 10 4663    27 3672    44 2988    61 2496    78 1624    95  763   112   74
 11 4663    28 3672    45 2870    62 2496    79 1593    96  733   113   40
 12 4663    29 3565    46 2862    63 2496    80 1436    97  733   114   40
 13 4631    30 3387    47 2862    64 2406    81 1436    98  733
 14 4451    31 3387    48 2847    65 2125    82 1436    99  733
 15 4387    32 3387    49 2847    66 2125    83 1436   100  583
 16 4387    33 3336    50 2735    67 2017    84 1225   101  476
 17 4233    34 3336    51 2735    68 1939    85 1225   102  462
;

_nvars = 13110
_ncons = 342

CPLEX 20.1.0.0: 
<BREAK> (cplex)

<BREAK> (cplex)
CPLEX solution status 13 with fixed integers:
	aborted in phase II
aborted, integer solution exists; objective 29
5371643 MIP simplex iterations
717119 branch-and-bound nodes
absmipgap = 1, relmipgap = 0.0344828
No basis.
sum{i in 1 .. num_items} bin_assignment[i,j] [*] :=
  1 3     4 3     7 3    10 3    13 3    16 3    19 4    22 4    25 5    28 9
  2 3     5 4     8 3    11 3    14 3    17 3    20 4    23 4    26 7    29 3
  3 4     6 6     9 3    12 3    15 3    18 4    21 4    24 4    27 6
;

option omit_zero_rows 1;
bin_assignment [*,*]
:     1   2   3   4   5   6   7   8   9  10  11  12  13  14  15  16  17  18  19 :=
1     1   0   0   0   0   0   0   0   0   0   0   0   0   0   0   0   0   0   0
2     1   0   0   0   0   0   0   0   0   0   0   0   0   0   0   0   0   0   0
3     0   1   0   0   0   0   0   0   0   0   0   0   0   0   0   0   0   0   0
4     0   1   0   0   0   0   0   0   0   0   0   0   0   0   0   0   0   0   0
5     0   0   1   0   0   0   0   0   0   0   0   0   0   0   0   0   0   0   0
6     0   0   1   0   0   0   0   0   0   0   0   0   0   0   0   0   0   0   0
7     0   0   0   1   0   0   0   0   0   0   0   0   0   0   0   0   0   0   0
8     0   0   0   1   0   0   0   0   0   0   0   0   0   0   0   0   0   0   0
9     0   0   0   0   1   0   0   0   0   0   0   0   0   0   0   0   0   0   0
10    0   0   0   0   1   0   0   0   0   0   0   0   0   0   0   0   0   0   0
11    0   0   0   0   0   1   0   0   0   0   0   0   0   0   0   0   0   0   0
12    0   0   0   0   0   1   0   0   0   0   0   0   0   0   0   0   0   0   0
13    0   0   0   0   0   0   1   0   0   0   0   0   0   0   0   0   0   0   0
14    0   0   0   0   0   0   1   0   0   0   0   0   0   0   0   0   0   0   0
15    0   0   0   0   0   0   0   1   0   0   0   0   0   0   0   0   0   0   0
16    0   0   0   0   0   0   0   1   0   0   0   0   0   0   0   0   0   0   0
17    0   0   0   0   0   0   0   0   1   0   0   0   0   0   0   0   0   0   0
18    0   0   0   0   0   0   0   0   1   0   0   0   0   0   0   0   0   0   0
19    0   0   0   0   0   0   0   0   0   1   0   0   0   0   0   0   0   0   0
20    0   0   0   0   0   0   0   0   0   1   0   0   0   0   0   0   0   0   0
21    0   0   0   0   0   0   0   0   0   0   1   0   0   0   0   0   0   0   0
22    0   0   0   0   0   0   0   0   0   0   1   0   0   0   0   0   0   0   0
23    0   0   0   0   0   0   0   0   0   0   0   1   0   0   0   0   0   0   0
24    0   0   0   0   0   0   0   0   0   0   0   1   0   0   0   0   0   0   0
25    0   0   0   0   0   0   0   0   0   0   0   0   1   0   0   0   0   0   0
26    0   0   0   0   0   0   0   0   0   0   0   0   1   0   0   0   0   0   0
27    0   0   0   0   0   0   0   0   0   0   0   0   0   1   0   0   0   0   0
28    0   0   0   0   0   0   0   0   0   0   0   0   0   1   0   0   0   0   0
29    0   0   0   0   0   0   0   0   0   0   0   0   0   0   1   0   0   0   0
30    0   0   0   0   0   0   0   0   0   0   0   0   0   0   1   0   0   0   0
31    0   0   0   0   0   0   0   0   0   0   0   0   0   0   0   1   0   0   0
32    0   0   0   0   0   0   0   0   0   0   0   0   0   0   0   1   0   0   0
33    0   0   0   0   0   0   0   0   0   0   0   0   0   0   0   0   1   0   0
34    0   0   0   0   0   0   0   0   0   0   0   0   0   0   0   0   1   0   0
35    0   0   0   0   0   0   0   0   0   0   0   0   0   0   0   0   0   1   0
36    0   0   0   0   0   0   0   0   0   0   0   0   0   0   0   0   1   0   0
37    0   0   0   0   0   0   0   0   0   0   0   0   0   0   0   1   0   0   0
38    0   0   0   0   0   0   0   0   0   0   0   0   0   0   0   0   0   1   0
39    0   0   0   0   0   0   0   0   0   0   0   0   0   0   0   0   0   1   0
40    0   0   0   0   0   0   0   0   0   0   0   0   0   0   0   0   0   0   1
41    0   0   0   0   0   0   0   0   0   0   0   0   0   0   0   0   0   0   1
42    0   0   0   0   0   0   0   0   0   0   0   0   0   0   0   0   0   0   1
44    0   0   0   0   0   0   0   0   0   0   0   0   0   0   1   0   0   0   0
55    0   0   0   0   0   0   0   0   0   0   0   0   1   0   0   0   0   0   0
56    0   0   0   0   0   0   0   0   0   0   0   0   0   1   0   0   0   0   0
59    0   0   0   0   0   0   0   0   0   0   0   1   0   0   0   0   0   0   0
65    0   0   0   0   0   0   0   0   0   0   1   0   0   0   0   0   0   0   0
68    0   0   0   0   0   0   0   0   0   1   0   0   0   0   0   0   0   0   0
78    0   0   0   0   0   0   0   0   1   0   0   0   0   0   0   0   0   0   0
84    0   0   0   0   0   0   0   1   0   0   0   0   0   0   0   0   0   0   0
95    0   0   0   0   0   0   1   0   0   0   0   0   0   0   0   0   0   0   0
96    0   0   0   0   0   0   0   0   0   0   0   0   0   0   0   0   0   0   1
100   0   0   0   0   1   0   0   0   0   0   0   0   0   0   0   0   0   0   0
101   0   0   0   1   0   0   0   0   0   0   0   0   0   0   0   0   0   0   0
102   0   0   0   0   0   1   0   0   0   0   0   0   0   0   0   0   0   0   0
104   0   0   1   0   0   0   0   0   0   0   0   0   0   0   0   0   0   0   0
105   0   0   0   0   0   0   0   0   0   0   0   0   0   0   0   0   0   1   0
108   0   1   0   0   0   0   0   0   0   0   0   0   0   0   0   0   0   0   0
109   0   0   1   0   0   0   0   0   0   0   0   0   0   0   0   0   0   0   0
110   0   0   0   0   1   0   0   0   0   0   0   0   0   0   0   0   0   0   0
111   0   0   0   0   0   1   0   0   0   0   0   0   0   0   0   0   0   0   0
112   0   0   0   0   0   1   0   0   0   0   0   0   0   0   0   0   0   0   0
113   1   0   0   0   0   0   0   0   0   0   0   0   0   0   0   0   0   0   0
114   0   0   0   0   0   1   0   0   0   0   0   0   0   0   0   0   0   0   0

:    20  21  22  23  24  25  26  27  28  29    :=
43    1   0   0   0   0   0   0   0   0   0
45    1   0   0   0   0   0   0   0   0   0
46    1   0   0   0   0   0   0   0   0   0
47    0   1   0   0   0   0   0   0   0   0
48    0   1   0   0   0   0   0   0   0   0
49    0   1   0   0   0   0   0   0   0   0
50    0   0   1   0   0   0   0   0   0   0
51    0   0   1   0   0   0   0   0   0   0
52    0   0   1   0   0   0   0   0   0   0
53    0   0   0   1   0   0   0   0   0   0
54    0   0   0   1   0   0   0   0   0   0
57    0   0   0   1   0   0   0   0   0   0
58    0   0   0   0   1   0   0   0   0   0
60    0   0   0   0   1   0   0   0   0   0
61    0   0   0   0   1   0   0   0   0   0
62    0   0   0   0   0   1   0   0   0   0
63    0   0   0   0   0   1   0   0   0   0
64    0   0   0   0   0   1   0   0   0   0
66    0   0   0   0   1   0   0   0   0   0
67    0   0   0   0   0   1   0   0   0   0
69    0   0   0   0   0   0   1   0   0   0
70    0   0   0   0   0   0   1   0   0   0
71    0   0   0   1   0   0   0   0   0   0
72    0   0   0   0   0   0   1   0   0   0
73    0   0   0   0   0   0   1   0   0   0
74    0   0   0   0   0   0   1   0   0   0
75    0   0   0   0   0   0   0   1   0   0
76    0   0   1   0   0   0   0   0   0   0
77    0   0   0   0   0   0   0   1   0   0
79    0   0   0   0   0   0   0   1   0   0
80    0   1   0   0   0   0   0   0   0   0
81    0   0   0   0   0   0   0   1   0   0
82    0   0   0   0   0   0   0   1   0   0
83    0   0   0   0   0   0   0   1   0   0
85    0   0   0   0   0   0   0   0   1   0
86    0   0   0   0   0   0   0   0   1   0
87    0   0   0   0   0   0   0   0   1   0
88    0   0   0   0   0   0   0   0   1   0
89    1   0   0   0   0   0   0   0   0   0
90    0   0   0   0   0   0   0   0   1   0
91    0   0   0   0   0   0   0   0   1   0
92    0   0   0   0   0   0   0   0   1   0
93    0   0   0   0   0   0   0   0   1   0
94    0   0   0   0   0   0   0   0   1   0
97    0   0   0   0   0   0   0   0   0   1
98    0   0   0   0   0   0   0   0   0   1
99    0   0   0   0   0   0   0   0   0   1
103   0   0   0   0   0   1   0   0   0   0
106   0   0   0   0   0   0   1   0   0   0
107   0   0   0   0   0   0   1   0   0   0
;

_total_solve_elapsed_time = 3874.32